0.0433333333333331 0.0271966666666674
0.0439882291666665 0.0282501041666674
0.0446224999999998 0.0294075000000007
0.0452405208333331 0.0306644791666674
0.0458466666666665 0.0320166666666674
0.0464453124999998 0.0334596875000007
0.0470408333333331 0.0349891666666674
0.0476376041666665 0.0366007291666674
0.0482399999999998 0.0382900000000007
0.0488523958333331 0.0400526041666674
0.0494791666666664 0.0418841666666674
0.0501246874999998 0.0437803125000007
0.0507933333333331 0.0457366666666674
0.0514894791666664 0.0477488541666674
0.0522174999999998 0.0498125000000008
0.0529817708333331 0.0519232291666674
0.0537866666666664 0.0540766666666674
0.0546365624999997 0.0562684375000008
0.0555358333333331 0.0584941666666674
0.0564888541666664 0.0607494791666674
0.0574999999999997 0.0630300000000008
0.058573645833333 0.0653313541666674
0.0597141666666664 0.0676491666666674
0.0609259374999997 0.0699790625000008
0.062213333333333 0.0723166666666674
0.0635807291666664 0.0746576041666674
0.0650324999999997 0.0769975000000008
0.066573020833333 0.0793319791666674
0.0682066666666663 0.0816566666666674
0.0699378124999997 0.0839671875000008
0.071770833333333 0.0862591666666674
0.0737101041666663 0.0885282291666674
0.0757599999999996 0.0907700000000008
0.077924895833333 0.0929801041666674
0.0802091666666663 0.0951541666666674
0.0826171874999996 0.0972878125000008
0.085153333333333 0.0993766666666674
0.0878219791666663 0.101416354166667
0.0906274999999996 0.103402500000001
0.093574270833333 0.105330729166667
0.0966666666666663 0.107196666666667
0.0998040104166663 0.109042083333334
0.102890416666666 0.110910000000001
0.105937447916666 0.112797916666667
0.108956666666666 0.114703333333334
0.111959635416666 0.116623750000001
0.114957916666666 0.118556666666667
0.117963072916666 0.120499583333334
0.120986666666666 0.122450000000001
0.124040260416666 0.124405416666667
0.127135416666666 0.126363333333334
0.130283697916666 0.128321250000001
0.133496666666666 0.130276666666667
0.136785885416666 0.132227083333334
0.140162916666666 0.134170000000001
0.143639322916666 0.136102916666667
0.147226666666666 0.138023333333334
0.150936510416666 0.139928750000001
0.154780416666666 0.141816666666667
0.158769947916666 0.143684583333334
0.162916666666666 0.145530000000001
0.167232135416666 0.147350416666667
0.171727916666666 0.149143333333334
0.176415572916666 0.150906250000001
0.181306666666666 0.152636666666667
0.186412760416666 0.154332083333334
0.191745416666666 0.15599
0.197316197916666 0.157607916666667
0.203136666666666 0.159183333333334
0.209218385416666 0.16071375
0.215572916666666 0.162196666666667
0.222211822916666 0.163629583333334
0.229146666666666 0.16501
0.236389010416666 0.166335416666667
0.243950416666666 0.167603333333334
0.251842447916666 0.16881125
0.260076666666666 0.169956666666667
0.268664635416666 0.171037083333334
0.277617916666666 0.17205
0.286948072916666 0.172992916666667
0.296666666666666 0.173863333333334
0.3070028125 0.174694114583334
0.3181475 0.175517916666667
0.330055104166666 0.176331927083334
0.34268 0.177133333333334
0.3559765625 0.177919322916667
0.369899166666666 0.178687083333334
0.3844021875 0.179433802083334
0.39944 0.180156666666667
0.414966979166666 0.180852864583334
0.4309375 0.181519583333334
0.4473059375 0.182154010416667
0.464026666666666 0.182753333333334
0.4810540625 0.183314739583334
0.4983425 0.183835416666667
0.515846354166666 0.184312552083334
0.53352 0.184743333333334
0.5513178125 0.185124947916667
0.569194166666667 0.185454583333334
0.5871034375 0.185729427083334
0.605 0.185946666666667
0.622838229166667 0.186103489583334
0.6405725 0.186197083333334
0.6581571875 0.186224635416667
0.675546666666667 0.186183333333334
0.6926953125 0.186070364583334
0.7095575 0.185882916666667
0.726087604166667 0.185618177083334
0.74224 0.185273333333334
0.7579690625 0.184845572916667
0.773229166666667 0.184332083333334
0.7879746875 0.183730052083334
0.80216 0.183036666666667
0.815739479166667 0.182249114583334
0.8286675 0.181364583333334
0.8408984375 0.180380260416667
0.852386666666667 0.179293333333334
0.8630865625 0.178100989583334
0.8729525 0.176800416666667
0.881938854166667 0.175388802083334
0.89 0.173863333333334
0.897229427083334 0.172163229166667
0.90376875 0.1702375
0.90964453125 0.168098020833334
0.914883333333333 0.165756666666667
0.91951171875 0.1632253125
0.92355625 0.160515833333334
0.927043489583333 0.157640104166667
0.93 0.15461
0.93245234375 0.151437395833334
0.934427083333333 0.148134166666667
0.93595078125 0.1447121875
0.93705 0.141183333333334
0.937751302083333 0.137559479166667
0.93808125 0.1338525
0.93806640625 0.130074270833334
0.937733333333333 0.126236666666667
0.93710859375 0.122351562500001
0.93621875 0.118430833333334
0.935090364583333 0.114486354166667
0.93375 0.110530000000001
0.93222421875 0.106573645833334
0.930539583333333 0.102629166666667
0.92872265625 0.0987084375000006
0.9268 0.0948233333333339
0.924798177083333 0.0909857291666673
0.92274375 0.0872075000000006
0.920663281249999 0.083500520833334
0.918583333333333 0.0798766666666673
0.916530468749999 0.0763478125000006
0.914531249999999 0.072925833333334
0.912612239583333 0.0696226041666673
0.910799999999999 0.0664500000000006
0.909121093749999 0.063419895833334
0.907602083333333 0.0605441666666673
0.906269531249999 0.0578346875000007
0.905149999999999 0.0553033333333341
0.904270052083333 0.0529619791666674
0.903656249999999 0.0508225000000007
0.903335156249999 0.048896770833334
0.903333333333333 0.0471966666666674
