0.07 0.0738633333333337
0.0956790123456788 0.102752222222222
0.131728395061728 0.143492962962963
0.163333333333333 0.18053
0.18358024691358 0.208678148148148
0.199382716049382 0.233122592592593
0.216666666666666 0.253863333333334
0.237901234567901 0.268184320987655
0.260617283950617 0.278801604938272
0.283333333333333 0.293863333333334
0.305802469135802 0.318554691358025
0.328271604938271 0.347690493827161
0.35 0.373863333333334
0.37 0.39336950617284
0.389259259259259 0.409912716049383
0.41 0.427196666666667
0.432962962962963 0.4526287654321
0.457407407407407 0.478801604938272
0.483333333333333 0.487196666666667
0.511728395061728 0.464233703703704
0.541604938271605 0.423492962962964
0.57 0.387196666666667
0.594444444444444 0.365962098765433
0.617407407407407 0.349171975308643
0.643333333333333 0.327196666666667
0.676172839506172 0.293863333333334
0.711975308641974 0.255344814814815
0.743333333333333 0.22053
0.766296296296295 0.193122592592593
0.784814814814814 0.169418888888889
0.803333333333333 0.147196666666667
0.825555555555555 0.123986790123458
0.847777777777777 0.102258395061729
0.863333333333333 0.0871966666666674
