0.0566666666666663 0.04053
0.057724270833333 0.0414471354166666
0.0587358333333329 0.0425254166666667
0.0597094791666663 0.04375515625
0.0606533333333329 0.0451266666666667
0.0615755208333329 0.0466302604166667
0.0624841666666662 0.0482562500000001
0.0633873958333329 0.0499949479166667
0.0642933333333329 0.0518366666666668
0.0652101041666662 0.0537717187500001
0.0661458333333329 0.0557904166666668
0.0671086458333329 0.0578830729166668
0.0681066666666662 0.0600400000000002
0.0691480208333328 0.0622515104166669
0.0702408333333328 0.0645079166666669
0.0713932291666661 0.0667995312500002
0.0726133333333328 0.069116666666667
0.0739092708333328 0.071449635416667
0.0752891666666661 0.0737887500000003
0.0767611458333327 0.076124322916667
0.0783333333333327 0.078446666666667
0.0800138541666661 0.0807460937500004
0.0818108333333327 0.0830129166666671
0.0837323958333327 0.0852374479166671
0.085786666666666 0.0874100000000005
0.0879817708333327 0.0895208854166672
0.0903258333333327 0.0915604166666672
0.092826979166666 0.0935189062500005
0.0954933333333326 0.0953866666666672
0.0983330208333326 0.0971540104166673
0.101354166666666 0.0988112500000006
0.104564895833333 0.100348697916667
0.107973333333333 0.101756666666667
0.111587604166666 0.103025468750001
0.115415833333333 0.104145416666667
0.119466145833333 0.105106822916667
0.123746666666666 0.105900000000001
0.128265520833333 0.106515260416667
0.133030833333333 0.106942916666667
0.138050729166666 0.107173281250001
0.143333333333333 0.107196666666667
0.148993749999999 0.106972083333334
0.155124999999999 0.106475000000001
0.161702083333333 0.105720416666667
0.168699999999999 0.104723333333334
0.176093749999999 0.103498750000001
0.183858333333333 0.102061666666667
0.191968749999999 0.100427083333334
0.200399999999999 0.0986100000000007
0.209127083333333 0.0966254166666674
0.218124999999999 0.094488333333334
0.227368749999999 0.0922137500000007
0.236833333333333 0.0898166666666674
0.246493749999999 0.087312083333334
0.256325 0.0847150000000007
0.266302083333333 0.0820404166666674
0.2764 0.079303333333334
0.28659375 0.0765187500000006
0.296858333333333 0.0737016666666673
0.30716875 0.070867083333334
0.3175 0.0680300000000006
0.327827083333333 0.0652054166666673
0.338125 0.0624083333333339
0.34836875 0.0596537500000006
0.358533333333333 0.0569566666666672
0.36859375 0.0543320833333339
0.378525 0.0517950000000005
0.388302083333333 0.0493604166666672
0.3979 0.0470433333333338
0.40729375 0.0448587500000005
0.416458333333333 0.0428216666666671
0.42536875 0.0409470833333338
0.434 0.0392500000000004
0.442327083333333 0.0377454166666671
0.450325 0.0364483333333337
0.45796875 0.0353737500000004
0.465233333333333 0.0345366666666671
0.47209375 0.0339520833333337
0.478525 0.0336350000000004
0.484502083333333 0.033600416666667
0.49 0.0338633333333337
0.495071145833333 0.0344256250000003
0.499794166666667 0.0352700000000003
0.5041834375 0.0363827083333337
0.508253333333333 0.0377500000000003
0.512018229166667 0.0393581250000003
0.5154925 0.0411933333333336
0.518690520833333 0.0432418750000003
0.521626666666667 0.0454900000000003
0.5243153125 0.0479239583333336
0.526770833333333 0.0505300000000002
0.529007604166666 0.0532943750000002
0.53104 0.0562033333333335
0.532882395833333 0.0592431250000002
0.534549166666667 0.0624000000000002
0.5360546875 0.0656602083333335
0.537413333333333 0.0690100000000002
0.538639479166666 0.0724356250000002
0.5397475 0.0759233333333335
0.540751770833333 0.0794593750000002
0.541666666666666 0.0830300000000001
0.5425065625 0.0866214583333334
0.543285833333333 0.0902200000000001
0.544018854166666 0.0938118750000001
0.54472 0.0973833333333334
0.545403645833333 0.100920625
0.546084166666666 0.10441
0.546775937499999 0.107837708333333
0.547493333333333 0.11119
0.548250729166666 0.114453125
0.549062499999999 0.117613333333333
0.549943020833333 0.120656875
0.550906666666666 0.12357
0.551967812499999 0.126338958333333
0.553140833333333 0.12895
0.554440104166666 0.131389375
0.555879999999999 0.133643333333333
0.557474895833333 0.135698125
0.559239166666666 0.13754
0.561187187499999 0.139155208333333
0.563333333333333 0.14053
0.565634374999999 0.141734427083333
0.568033333333333 0.14284875
0.570523958333333 0.14387453125
0.573099999999999 0.144813333333333
0.575755208333333 0.14566671875
0.578483333333333 0.14643625
0.581278124999999 0.147123489583333
0.584133333333333 0.14773
0.587042708333333 0.14825734375
0.589999999999999 0.148707083333333
0.592998958333333 0.14908078125
0.596033333333333 0.14938
0.599096874999999 0.149606302083333
0.602183333333333 0.14976125
0.605286458333333 0.14984640625
0.608399999999999 0.149863333333333
0.611517708333333 0.14981359375
0.614633333333333 0.14969875
0.617740625 0.149520364583333
0.620833333333333 0.14928
0.623905208333333 0.14897921875
0.62695 0.148619583333333
0.629961458333333 0.14820265625
0.632933333333333 0.14773
0.635859375 0.147203177083334
0.638733333333333 0.14662375
0.641548958333333 0.14599328125
0.6443 0.145313333333334
0.646980208333333 0.14458546875
0.649583333333333 0.14381125
0.652103125 0.142992239583334
0.654533333333333 0.14213
0.656867708333333 0.14122609375
0.6591 0.140282083333334
0.661223958333333 0.13929953125
0.663233333333333 0.13828
0.665121875 0.137225052083334
0.666883333333333 0.13613625
0.668511458333333 0.13501515625
0.67 0.133863333333334
0.671356979166667 0.132620885416667
0.6725975 0.131232083333334
0.6737259375 0.129704739583334
0.674746666666667 0.128046666666667
0.6756640625 0.126265677083334
0.6764825 0.124369583333334
0.677206354166667 0.122366197916667
0.67784 0.120263333333334
0.6783878125 0.118068802083334
0.678854166666667 0.115790416666667
0.6792434375 0.113435989583334
0.67956 0.111013333333334
0.679808229166667 0.108530260416667
0.6799925 0.105994583333334
0.6801171875 0.103414114583334
0.680186666666667 0.100796666666667
0.6802053125 0.0981500520833339
0.6801775 0.0954820833333339
0.680107604166667 0.0928005729166672
0.68 0.0901133333333339
0.6798590625 0.0874281770833339
0.679689166666667 0.0847529166666673
0.6794946875 0.0820953645833339
0.67928 0.079463333333334
0.679049479166666 0.0768646354166673
0.6788075 0.074307083333334
0.6785584375 0.071798489583334
0.678306666666667 0.0693466666666673
0.6780565625 0.066959427083334
0.6778125 0.064644583333334
0.677578854166666 0.0624099479166673
0.67736 0.060263333333334
0.6771603125 0.058212552083334
0.676984166666667 0.0562654166666673
0.6768359375 0.054429739583334
0.67672 0.0527133333333341
0.676640729166666 0.0511240104166674
0.6766025 0.049669583333334
0.6766096875 0.0483578645833341
0.676666666666666 0.0471966666666674
